407.681933493
735.612158028
582.601219302
260.385366126
0.541272396135
-49.591753432
0.535710270647
13.9703501999
0.537800148039
-3.07021400095
0.523454908104
1.49576036705
0.537459943595
0.269019116346
0.515930931614
0.588086775959
0.527943829182
0.513469576611
0.532106932419
0.536905321853
0.533864785616
0.536954747458
0.539071547854
0.533869749034
0.539109883536
0.560991800947
0.535366648748
0.447683629504
0.552132868216
1.15225920514
2.4802854191
4.51911927243
6.32573052281
7.18238038265
8.19843388787
11.3846128556
20.5299624042
38.0528802852
59.110851481
80.1986348088
110.420997194
178.218388537
376.763982531
754.492262341
1116.15022523
1270.00478742
1282.09002688
1245.58759967
1104.50231237
813.155714584
516.313177352
359.295737721
299.203275382
258.795963464
211.696306219
152.468236505
108.579070483
103.251058688
109.822805829
100.149180256
90.0337507084
97.3768217729
104.516941028
94.2596955252
86.8405872024
105.176125037
145.476931269
191.631891825
204.948834125
166.889610815
162.113233954
258.74840447
355.605419357
346.333088432
273.252676753
203.470582741
154.561283027
127.731733594
108.250729602
83.336369886
63.9421287962
64.9017455371
92.8346432208
146.197593451
199.011077889
222.571034776
201.711518596
136.337217437
73.0972375385
58.3190984397
90.2995547291
150.418735751
200.421034826
235.742748169
406.223519605
820.542709332
1268.33519543
1507.20644883
1485.68879405
1231.63646836
899.264506515
639.892341927
466.896205082
358.505996544
290.309500074
239.441825654
191.869504926
148.326269881
159.783232241
268.196078889
429.221417606
581.840072674
684.628813458
701.319041615
596.664742881
370.387383313
161.055766179
93.5908883994
99.4751842932
94.4277529403
124.552915069
240.133359071
377.780022347
461.175692244
475.962306884
428.274449104
344.258129835
253.104985391
176.177725521
128.710553093
109.252570023
107.867486173
97.3625441564
66.2117981552
82.8130158675
200.794178583
334.780408437
390.019935406
373.256279974
313.560172072
227.815888906
135.965909229
82.3719707036
101.846105817
166.582267435
257.084860828
449.718180488
790.741810428
1110.13660352
1227.7883289
1139.48115188
901.703378162
637.861478887
455.88024915
334.839614493
237.737351579
192.087511108
220.516948679
261.587465447
259.345297374
263.839474071
320.783320581
352.544550012
284.765597168
179.533395574
111.889448369
72.2490384244
42.5615743059
55.5391876089
137.656109768
239.672248543
311.505237821
375.417939679
458.120235755
531.764857733
555.680513795
492.456968068
331.389187357
165.331893239
85.3105671708
71.47397536
86.0165947156
130.192460206
205.349241609
274.149589886
302.245707498
305.933021745
312.670833286
343.930711397
400.780198407
408.658460253
308.13301099
175.913133549
97.6545323146
58.6568286106
37.7824020051
88.500748103
255.625564137
474.740237814
661.431955314
760.533406228
739.157773837
624.294712763
460.135879166
299.804464028
189.809770314
141.27401411
150.152747969
187.121957219
219.866697614
229.387873846
215.060571845
236.440753543
341.772057101
473.867949578
555.191212718
532.232058109
386.653086883
216.779028499
120.866216858
80.2352752853
58.441516125
64.9147183659
119.260907059
235.916624863
417.826718108
627.138730206
805.361474269
852.246145112
701.991269863
468.342323187
280.792165717
152.276254429
77.8981824049
97.9914908309
241.725396989
448.381874449
644.797773366
797.916693939
881.1220419
853.449695068
698.130642848
509.523848887
394.822603713
401.429531134
532.322793534
672.573374317
717.711889827
723.014667148
772.035215777
901.690064131
1111.11908655
1294.99252217
1337.24262573
1183.31934961
838.34627832
484.623827394
293.160584893
212.62099808
156.337426023
118.658015832
113.988037924
155.94546792
251.041512953
378.147601004
501.379479369
553.46995176
490.030583875
389.570932948
340.228546819
345.754944228
378.846903683
372.368271868
285.712176559
224.221801718
290.77392287
432.429625621
557.986820877
579.006410681
446.85761047
269.37989815
163.381900978
125.078581158
121.1379399
120.633799473
102.549541389
83.1009630633
81.1744937339
89.1066740237
94.3056912459
91.0162080917
77.9457522096
64.8168356993
63.2730615172
81.6274115935
127.02568545
205.275573998
303.827060594
338.037406971
270.234602966
322.722272437
674.2045031
1069.01160407
1219.28441757
1142.77969688
936.328693135
707.444737782
550.253092536
494.644659801
529.390466174
543.016394329
441.707941688
302.534208585
230.525741828
271.675271196
431.66778923
613.995156554
713.024919734
688.820501051
540.964711087
361.422037925
241.243759907
175.44663891
138.065077031
115.238553717
100.360615629
103.736000933
132.487563568
164.099429045
174.31022414
161.515309112
132.396022536
104.120882777
91.4333063395
88.8891225051
88.4478828252
91.8716151547
108.301621144
166.593821317
283.597055682
408.417223293
484.492781398
500.335360962
457.350198359
363.443777878
236.549477699
128.207003644
81.8637818868
74.9917923555
74.1728156642
68.4032814136
65.6733554046
127.533499253
295.282214201
475.649864184
564.917401756
552.136271253
458.680117763
342.440897579
257.547702534
206.559855395
184.221965091
205.589554254
276.268704317
343.756818213
362.994694509
376.805392802
425.059465215
447.935172934
384.719770696
270.828778359
159.81723799
81.6700153641
53.2099569939
62.1820086334
91.7426836337
135.77266649
200.815815128
333.344510046
551.543946247
720.522054184
722.556775292
661.683359472
644.043370227
562.446316984
322.237058306
92.2339033786
40.4125069959
67.9044557578
60.4770205785
109.284277819
316.718354233
624.736772702
933.962376983
1140.11389822
1161.22795501
1009.5168284
743.514920136
512.869452378
443.444597969
474.859512115
519.83087457
569.71048093
635.868978824
731.117308176
861.692602768
1006.0964795
1135.82758332
1222.10818812
1224.99503654
1060.15911701
693.966713049
339.951042532
199.65962322
179.53023797
152.990872276
156.540057084
243.837882725
374.120131634
493.225414446
587.827962499
648.647170299
641.747464301
543.363480053
395.065657529
253.066568405
166.811506743
163.829336362
190.75047772
195.302981883
210.503865728
276.659658071
377.945969688
483.277538441
556.656528575
580.017377785
611.936191186
689.124951646
684.197485639
493.54054865
272.730768619
192.051366802
221.422065284
298.281896933
430.510636919
626.047703941
822.630348494
952.708693947
997.786523339
958.459233003
862.63501274
743.847984384
630.823204426
545.671444756
488.855404209
464.462164226
512.724409707
668.151399032
906.21308103
1175.38087637
1375.17140263
1416.98033374
1308.67437218
1087.81539344
814.274936665
554.854312344
381.764252872
343.48196382
388.141121616
450.81571042
514.684474475
578.495482
655.169337039
736.524412859
715.79762379
522.300365113
328.223414837
300.001695479
338.167324844
319.840523017
294.396723905
333.774384493
427.908840258
550.709931336
693.988638018
841.62393005
927.865594836
889.839717753
725.806758408
474.977686801
279.231140285
254.163543795
307.574805242
329.039093736
343.024140197
388.992842122
431.495201492
430.502505354
402.58407653
374.845742257
359.941311673
359.462126418
345.20167625
293.48640812
228.572449614
175.381065034
113.564384913
61.616220112
238.66623658
790.457797463
1368.5531996
1608.99685989
1579.94274183
1429.72011027
1195.24988907
899.760032989
623.114961503
434.930247037
307.189609108
208.237577867
189.493778897
290.093761961
416.961678116
479.480520288
529.080047582
621.845767648
690.439416136
662.606740629
569.853308454
460.163235676
343.675013579
224.745591297
122.451374152
65.1870527297
103.901002495
267.817426423
476.710152666
640.477641022
738.967252693
766.800367643
707.745539467
559.15110967
383.537397772
246.379357819
159.798503967
120.038192069
113.182584669
132.223103474
207.939400166
360.128547647
526.869073713
635.661729779
653.41470683
569.298160519
422.122665593
270.360514965
201.490455135
266.19080085
338.931686252
312.464893108
328.876974264
543.649757469
916.511398992
1337.0970403
1610.42343515
1580.13670534
1329.01883258
993.245146566
683.428508975
479.179475956
361.661849597
302.775536327
335.811613996
484.274404056
671.130030927
810.376357668
880.676398922
874.162369179
772.178130716
583.306486363
435.874353353
437.222758484
491.005052379
484.782207299
445.433358213
427.106743838
453.708855156
537.418363604
673.744410157
832.404856503
896.621977647
778.151060469
589.375026027
460.677262307
393.815390807
355.829061443
303.51180427
213.806136606
154.496644662
196.195071151
329.979715885
524.135586839
735.307967529
904.281540654
920.038310091
713.915462894
438.473597629
258.183584733
163.933970595
114.223894061
111.577187863
176.814987041
359.922941996
672.604268284
944.267926729
1011.9809916
925.737245724
775.528640197
598.413090766
422.963595196
296.74751471
260.285736246
306.918886148
409.946490199
509.68393252
556.469010974
573.713320061
598.031461345
645.776268023
711.806407046
725.265648744
624.280361855
448.622205366
263.80756374
136.686433103
116.084475168
177.396402348
281.627440562
405.655819044
534.697932686
671.44983568
812.129526638
909.563122554
908.564701841
765.292070201
480.003423627
218.014791966
134.763840108
181.116939251
269.115970753
360.076150321
431.199752321
473.963951422
491.495086495
519.241252904
579.828120748
612.269902573
561.500927578
479.747449113
426.26780816
381.156772077
328.477749873
347.332290777
514.777618108
804.655511309
1151.40353797
1435.05786212
1540.22558109
1424.19892898
1100.76255187
736.985606927
489.406002865
319.15214354
175.516843962
155.860068664
357.134084893
726.593221222
1155.24996022
1458.84733908
1497.12438944
1381.07356582
1247.3359365
1083.8936018
864.330738621
653.298798423
522.984908318
484.651623583
527.692653839
614.950897917
710.300672229
808.292774301
905.177503251
973.326683438
974.631337826
852.937758548
588.134214646
322.321613634
191.797353586
147.432156357
114.647976499
102.498375574
139.186109274
245.879102811
428.081142885
635.674292646
800.640234623
838.980852427
700.920151939
489.550427038
324.167240628
236.010943691
220.897689101
221.002049209
206.650978906
314.422543761
656.78315767
1083.50151715
1401.02071937
1505.17918149
1357.79509734
1095.21044757
867.407487252
704.405782367
601.754559487
537.084376685
488.815535875
456.445982817
462.238711578
598.439265604
911.927248785
1198.1359574
1249.70972974
1099.58337982
854.786272781
678.435502596
687.745644898
760.23347309
768.188871619
802.691971348
958.104661766
1123.12562043
1177.38077551
1169.86826955
1173.59868399
1188.26014154
1188.28336296
1120.39192007
953.244117167
770.944337346
651.793127286
535.429609149
378.070919617
340.907677985
562.19628733
883.482803248
1108.55906594
1186.91040153
1136.64018511
1104.63050186
1203.96576323
1283.76097581
1176.46609523
911.840278139
574.664616887
272.498745674
117.652042267
218.654316894
618.117317645
1098.76011161
1421.41047772
1519.2237233
1392.01054406
1133.87566088
851.852631892
610.396338984
452.625342316
378.891591324
386.253474572
501.361747846
724.318962829
919.442487541
984.007669835
1082.90696055
1348.93894726
1518.90966147
1348.02506453
1061.08339314
923.620079805
894.527064811
875.489105943
846.005723125
800.470671194
715.039882479
628.616871661
849.333305343
1579.3077682
2327.37836527
2570.27921557
2349.60897362
1855.24736243
1305.33384341
881.890154872
594.207404356
407.67385344
284.797010696
253.393979149
605.400992622
1517.36666176
2440.16997366
2796.54247106
2622.29554274
2117.6914613
1527.71618866
1063.66249262
757.326675429
575.911793102
407.744382533
208.312326457
280.625410145
856.766142494
1537.58602437
1898.4925716
2044.3483679
2127.37283004
1959.75763906
1398.32210516
818.423790783
580.480065639
466.609276213
258.299784402
312.819036976
960.213114284
1845.86354613
2511.89983912
2772.10795769
2560.8718563
2023.31099177
1361.26564448
792.723886679
481.838832177
361.275968955
320.356633083
306.513178787
350.606265308
759.09875379
1729.32281004
2746.48561664
3248.7214663
3197.99807571
2715.82218998
2038.02324417
1401.64892321
934.297221626
693.374252752
564.968295525
464.584671999
596.714711072
1133.44702274
1828.27333457
2361.31613978
2537.81787672
2270.30282155
1775.30265655
1301.07478369
918.77207736
643.608210644
444.144578835
297.407540786
260.935587351
409.765215879
808.412817697
1435.86091933
1939.47669408
2003.41567227
1790.60216538
1536.17457636
1285.3588926
1039.57444044
814.926317248
635.694815391
544.17523604
567.669400466
655.490201522
742.622692481
784.729496721
756.888143629
691.158216523
623.923863983
551.885441704
468.563256624
394.44121355
350.287864124
331.046749462
329.101324653
352.419711217
418.937601525
570.876304938
835.137434106
1153.05819786
1433.88377988
1544.05566706
1394.53590021
1117.17243261
865.711316904
660.605090658
495.202500551
387.730644819
356.469855436
395.035047775
502.882028387
727.49558513
1080.79984747
1384.44733001
1453.77609909
1269.13804283
895.783609276
573.543664244
501.624784371
542.15597177
517.194647109
425.589479805
383.652367086
800.756868681
1932.85272575
3129.13274266
3686.10831846
3596.32216771
3049.56724634
2328.60616033
1693.74514149
1222.49527492
927.188661055
742.236608408
605.601749412
547.372804043
596.525707173
685.459165703
743.958466227
787.932442082
848.174245218
928.890755297
1006.92488508
976.249951987
764.579128563
517.454603155
389.56259458
354.336427745
364.822339797
473.771110775
722.17273276
1004.26950313
1193.61436442
1227.7505345
1087.46007353
862.490135382
654.440071952
503.352933529
415.786730214
325.915612983
218.961568745
356.721787272
933.424135083
1596.44398282
1959.16849808
2045.88453207
1964.6246304
1747.50443246
1424.18377055
1090.41615476
837.8834052
675.886904416
593.121984108
578.240210242
648.917631638
938.971994283
1508.36832606
2005.51908531
2081.86232167
1812.49101968
1381.51823962
985.482409888
767.603336652
645.400969133
513.993694416
404.593508001
386.015322027
541.392106782
911.915222817
1356.69153359
1701.20766662
1818.55380286
1644.60038472
1318.73534722
1007.41649303
781.863602786
661.724487336
555.597100283
410.277035727
436.400306972
810.680714389
1310.30278742
1661.66364216
1787.54001208
1675.1272254
1372.91537167
964.162090615
609.900461152
444.099526513
414.69674789
429.716468081
423.56213834
379.88876138
452.978437281
764.045157731
1131.40338348
1337.11166489
1321.10444172
1093.27393734
785.467620222
539.760233978
417.180377624
422.38778146
415.612845517
293.262044258
240.87548015
481.011310637
1095.16628507
2036.70289895
2887.50804061
3230.48761464
3024.099198
2378.53646368
1635.38579622
1108.93229126
772.863177219
541.029666067
428.536771382
465.372823175
639.805615619
907.141819412
1132.56414718
1190.18073195
1079.92534645
848.644674211
605.011402382
448.548833679
380.356729488
371.722406666
373.10694527
369.680252151
506.273778142
889.154020948
1310.6661218
1539.3277291
1562.26787652
1430.01265077
1228.06496549
1035.95701675
874.361303442
746.857581697
647.514333902
576.382102846
566.950946707
655.357767797
854.887329594
1148.54407744
1421.06332296
1557.25728552
1540.51494912
1403.61710202
1278.33498474
1260.94384064
1206.74447219
977.42830221
701.223675684
564.622065131
720.630530997
1223.65760587
1767.202123
2042.75725692
2094.70324683
2022.81054321
1795.52337718
1402.12448134
1046.57681344
904.952126438
827.077128712
650.180704093
487.345482702
495.816852446
733.63748609
1179.48115024
1593.74870201
1740.94624877
1620.27380832
1309.72218325
967.751404526
731.890456358
575.474907281
448.820381822
374.356144122
393.592703113
552.251907279
864.209636984
1211.74656055
1475.52160495
1661.30194381
1776.69663443
1711.5740223
1389.78312456
988.836357008
702.507521066
535.952562069
446.615274693
389.708707074
354.502896938
468.726586916
818.292871181
1183.39354517
1329.86432787
1271.83793119
1091.25502967
892.991155412
763.071361663
689.183928598
627.734337554
508.333647562
346.564315937
528.688815429
1336.5442561
2263.58628182
2746.50650249
2783.32185835
2510.8375312
2059.68633877
1560.77377109
1152.26837147
928.145399798
798.343928961
663.494425598
571.029118366
587.646146294
710.305527883
905.022155643
1083.76853865
1156.16073618
1076.43139167
844.177172659
595.834258836
461.289756761
407.394968239
372.923877966
347.377006951
345.516457078
432.424117405
651.07035174
905.659635707
1077.71162031
1096.77254627
938.243416084
712.917689765
537.890566143
420.071741861
341.837289255
297.614285631
284.946492082
301.793399872
384.820855094
725.104392966
1431.60127295
2130.38596239
2423.95609262
2303.38474312
1883.81509208
1388.09526434
1020.1969193
800.880908052
688.558841209
575.456175708
418.209208162
497.283747546
1029.39216336
1652.40355486
1964.11958747
1980.91546153
1809.42462894
1498.74001302
1102.28870165
748.374969852
547.252629657
462.096454207
430.012054617
430.907432787
475.815551003
657.466822277
1030.86353376
1418.3980184
1620.63128954
1583.40903618
1319.62115215
965.049674835
669.027079496
512.195449392
519.539303958
562.103299353
549.621658212
700.526732353
1182.78685065
1653.81612107
1753.58444491
1562.83911784
1252.42763779
912.820917379
610.098975621
393.154842399
295.842548809
309.047119924
398.158926845
469.558730809
476.972420993
622.516008169
1054.34899524
1456.41473199
1498.61186226
1258.87635908
909.8578091
595.022924064
420.06669725
368.780122914
380.148162719
335.835646975
223.071224671
508.658950877
1542.88054333
2730.35296433
3392.13240259
3460.69670775
3053.9766595
2420.29309669
1804.45025427
1306.79589247
975.272721742
792.659728195
719.968269482
696.302913794
682.897986771
751.413633308
953.327130884
1148.95846806
1191.19802676
1094.37505135
920.464424173
760.584717167
684.95218832
651.030150214
605.782955791
566.932064818
573.055881056
675.403477415
905.905467365
1206.54795748
1495.52279268
1685.78927805
1704.06036214
1537.29610696
1218.70678257
906.25637768
742.023245674
679.789480014
643.485242031
625.929224473
653.908011953
821.191225149
1189.25871728
1623.44823571
1955.99858236
2082.89488327
1951.9519567
1654.55706559
1313.60024798
1034.41019748
870.851755744
688.495701084
418.789653028
444.982659413
1070.87032376
1830.63304405
2195.13162154
2151.56367619
1830.62200811
1420.64331908
1092.05446125
885.998986512
789.084444627
699.05767724
541.601374967
443.002332459
538.049978881
794.940177391
1136.09652698
1467.44713599
1685.06556957
1662.10271083
1334.96908161
916.036440802
632.590170055
495.608905108
458.643275851
461.83863471
477.918002032
623.3203473
1002.96471101
1531.97446858
2058.20485316
2350.23419404
2234.23851397
1846.06151353
1386.41839175
1005.84266372
797.279124521
673.499373181
548.797851436
523.73356795
700.497889615
1001.5470493
1303.08014134
1476.00284005
1430.30438903
1237.60172927
996.398771463
751.119607876
541.196744516
440.176160846
478.738083484
481.986254199
361.855992016
583.185409823
1511.0038343
2558.20265346
3070.21591876
3074.78627416
2753.89666353
2224.18263785
1603.53852386
1080.24114438
800.574095515
672.465570472
578.793260732
540.58825375
601.099800823
754.296412642
974.314645303
1205.24397712
1373.48905935
1364.76231285
1113.19769436
787.30753455
566.321374293
437.959221257
355.43105797
325.416299588
378.05628189
583.870590537
972.560609626
1370.17666713
1586.30941945
1568.36189292
1326.41574665
983.454801067
672.708436202
455.486109221
347.031130666
250.242147451
120.87851874
238.48711631
830.824098571
1594.69525786
2160.80122566
2426.37235621
2375.95439842
2076.82495722
1629.83523728
1187.3989862
886.036272181
747.129902755
731.12088449
669.820280736
477.398829964
526.095914362
1111.6783555
1765.9540887
1977.51560873
1826.05253412
1520.05699157
1192.13401647
934.54075992
754.029927194
629.455191182
513.578541144
393.940528889
423.287640038
733.093632403
1204.53541874
1667.08459734
1993.68835369
2082.15126587
1886.23189506
1430.21629284
964.546489253
719.271637747
616.713406962
538.938162211
514.71854033
606.233338574
862.579724366
1279.93318062
1655.86408205
1778.91317906
1600.10783308
1162.79664511
717.126563551
496.407861623
459.805764584
497.254896676
495.912526071
397.059041356
361.244668867
549.981964771
909.362966809
1309.36820526
1530.95269896
1411.66206242
1104.42980408
811.803751034
619.401110782
552.969412205
515.708089211
415.889714815
304.627513438
320.382814389
808.168715121
1951.73951392
3083.26254422
3498.49111055
3199.10936662
2413.9391024
1574.42180377
1052.32685898
778.115569733
601.900901202
493.710558913
457.197559505
510.601423704
665.245968404
890.205691072
1133.94939434
1304.77242092
1319.3669919
1168.18630172
885.10213721
603.899681317
444.485587024
371.338991378
336.585172765
398.361490871
606.752192022
873.616987803
1104.10155402
1314.71995806
1513.71073902
1564.84193112
1357.6784683
1029.44338823
750.250626874
574.119609659
509.247038796
496.63323425
491.21976125
570.909548324
810.19427215
1146.95923871
1477.20399699
1665.99143881
1616.32507799
1413.90757365
1183.61881297
1024.34844983
977.082676232
877.184069757
611.513797347
478.550997705
771.247399375
1348.82711848
1960.26639685
2347.27759155
2318.24612192
1955.5135411
1427.01100431
969.071941261
771.200248597
767.17941625
824.643728148
802.35105091
647.943035899
673.472890761
1133.65700899
1689.45297118
1940.65209879
1836.13948964
1447.90847908
991.291576281
673.645846117
527.087402533
511.216758644
470.812975175
319.444458992
360.658453901
848.783853533
1451.2973139
1790.86988983
1897.80246912
1866.8974434
1643.3333867
1197.72784754
752.078090145
521.781459521
444.455908273
407.719136354
376.967225546
364.517809661
492.59634879
841.874544227
1216.90123581
1395.36006331
1323.59672773
1034.68062069
739.91383496
622.321749521
573.590186986
459.665023326
334.8719043
312.62184257
554.28754862
1169.66769741
2014.303124
2861.30341557
3408.31100771
3418.01738211
2988.77735635
2315.7951018
1646.00886904
1184.078049
913.81251463
771.389038566
723.301510097
750.016420957
857.573555989
1033.42835212
1165.12556151
1149.91836112
1023.80431193
852.809221448
684.327499355
558.857651729
507.945968167
536.807480382
554.284405064
505.873821086
580.06507108
938.845387246
1395.20129627
1712.43042403
1804.07549863
1651.22882202
1354.93588905
1032.47536122
746.105373383
531.677833565
374.440268886
265.714272496
271.722082517
477.964495666
972.155898072
1747.21395427
2414.65585303
2602.2872749
2384.4683434
1944.35259679
1453.71278938
1055.91104241
792.047729005
655.873002239
553.997883155
439.396636155
537.635631091
1029.9300094
1647.49789338
2077.57756216
2281.48494114
2273.39040116
2004.80444836
1473.13535773
922.042344163
591.253445852
458.521054282
439.315576449
461.955128118
517.896682024
838.304930017
1566.69121792
2256.2457883
2465.52244801
2364.85036406
2207.86961087
1969.68853202
1611.2006149
1314.97165294
1252.43962854
1328.85897383
1407.47176695
1449.65422055
1449.01032313
1429.92103238
1409.78545844
1347.29835217
1204.29991594
1013.91651745
821.969378656
653.772973253
521.841303504
407.993234183
316.58890721
372.848710572
683.331357224
1159.08861391
1665.00466488
2076.80031051
2297.94126418
2332.03627498
2209.45923
1967.50153257
1665.80071971
1446.46134696
1412.19809733
1425.69914517
1353.40456989
1316.78857972
1443.20283276
1628.47465788
1739.27061928
1757.13855192
1686.75753759
1510.45037471
1230.38472765
950.464007912
760.418615909
591.551160568
402.26366822
417.783626295
835.087643535
1471.32335284
2065.97965062
2427.73946328
2441.71469664
2229.53914436
1947.3509211
1652.78353764
1383.44736725
1195.36483676
1112.33892422
1010.88275886
825.237299994
867.844676112
1426.49448629
2312.16504282
3195.08052435
3659.25986177
3405.35269256
2686.73672853
1873.14885962
1247.03461395
975.990550333
855.508712031
682.906464229
634.906975344
899.661382667
1331.62689578
1709.65299664
1843.8521844
1635.33198769
1317.91703581
1127.50727754
975.586838964
756.245333727
618.41014829
680.051097171
680.469934273
433.74342518
431.716442813
1100.0768486
1922.11635062
2300.35800758
2256.64643388
1961.99104787
1564.73892797
1199.2023484
966.216706656
911.130457698
890.821163285
771.818104255
647.728330997
632.602542873
695.1882656
776.830665834
854.568647626
914.149454387
940.459949557
918.843285781
837.328152475
702.461489476
592.17770153
565.167919401
531.762712999
446.824317036
591.702186259
1192.66769456
1929.19267236
2409.02643214
2499.82775807
2193.87882812
1722.04592374
1329.96300917
1083.75067637
984.26020056
950.778962179
904.337989913
854.506800196
829.300940811
841.981597193
893.651314555
951.53243958
979.060493569
958.403894845
887.7341719
810.502396889
768.329710669
750.23798525
722.412716146
612.293161756
457.27526103
773.327912251
1937.25993427
3290.66686891
4072.22183021
4144.1214983
3592.80182551
2778.13228712
2060.25012618
1526.93013379
1177.59839632
930.648632911
716.809328019
597.1803945
629.926986717
731.103796657
806.860097992
865.833953509
931.836826783
986.884995435
998.697979195
919.603452181
728.662282222
527.259957588
420.58981372
406.751954296
470.655581825
651.539525889
957.110096821
1214.61390087
1263.03167388
1168.74037405
1032.18441133
862.681780284
662.919922264
500.190481235
424.128050386
349.134817179
238.422674965
385.67474637
1031.04991235
1870.13885792
2513.51875237
2776.28089808
2589.68718688
2145.16773545
1664.48974884
1230.60056085
888.72258375
671.998415013
592.163872547
587.407470865
625.896976407
869.26446672
1415.58858477
1915.26992408
2017.62833069
1815.33871004
1493.48756215
1163.45270588
905.223324412
746.942739402
682.638144194
621.71808048
517.375668084
582.560991017
991.939347589
1507.2799291
1841.99580141
1928.97163554
1772.94935401
1446.62828001
1053.15709302
749.524496928
645.148076218
605.320913259
499.635883801
459.00953921
639.925185551
1039.80947205
1574.33634157
1991.22556823
2053.60978814
1754.22725399
1193.21842782
670.726992583
448.20144225
432.306293898
462.77261471
466.381649175
433.611523592
522.677714192
854.598851089
1233.86882999
1439.136265
1462.19337829
1340.16570081
1078.36839072
717.835194489
474.284584721
497.902324225
502.058610534
271.126785213
310.30833124
1083.51842445
2168.69887075
3023.19214614
3507.91677708
3578.42995775
3165.26750293
2296.22852291
1413.18668933
929.401227166
729.599013137
606.877891798
516.351927275
469.472937632
541.027537131
782.223790121
1086.62076512
1321.66699862
1408.0178948
1307.12039051
1090.38068559
857.447360355
710.979253959
704.356770325
690.836313642
561.437885167
558.359874176
903.068679577
1382.92435079
1721.91178896
1824.6216517
1677.14083465
1410.93542917
1164.63212557
960.120814039
791.099205544
655.233094071
558.58642132
536.8476368
621.713191377
799.287033529
1042.46839017
1316.93010431
1566.73720125
1656.7498193
1496.08878928
1250.12259907
1096.77454926
1007.93953424
914.271353078
787.487829751
650.644348913
691.082512963
1050.64754174
1524.91290709
1868.23500519
2016.37367749
1959.72906071
1725.85902749
1367.21540493
998.668102181
721.127366864
517.246718479
366.756457263
355.950734569
567.474403695
962.811274621
1449.22748145
1838.27949812
1961.82868721
1828.66562616
1510.53023408
1154.03058212
887.874969433
694.304455198
533.136370282
420.960372307
392.333498966
496.909981484
767.173083966
1151.82500852
1560.90430573
1833.5759821
1827.22686785
1543.00463211
1059.35859488
620.183840709
431.722725482
384.160925859
326.119844498
256.020467251
225.704585858
350.897632422
704.860342456
1127.11102474
1413.6707407
1420.3139892
1098.6283606
723.700373955
562.271528152
524.20431275
468.920252087
410.956018952
428.239295056
697.146649319
1338.90296861
2155.67752435
2877.15334121
3262.12407231
3149.03885637
2665.85814617
2017.86417346
1430.11497186
1072.62758438
875.479289555
736.068714239
661.019642792
681.236833368
815.523781729
1042.36021481
1191.03204657
1119.97328319
953.40411261
844.375936814
795.478832218
773.898100189
755.661267473
718.835764213
640.806408758
532.657952905
540.957494042
779.831801854
1098.16398962
1313.13316159
1380.3460423
1301.11304656
1121.13172993
899.433043391
703.994378856
582.204615459
490.15214033
405.475813335
483.316877266
863.546381285
1447.4522171
2070.43190977
2542.90467513
2698.18457855
2486.14339252
1947.07679006
1366.41833899
1014.04744368
852.488959704
772.031517422
681.373395018
556.103750227
620.965611151
1064.65106286
1682.49454796
2196.54171487
2429.04067774
2277.97060929
1844.03245057
1287.61826738
805.162856087
545.890881467
434.143751299
374.142726352
414.51173631
626.659686044
1028.73271225
1568.63115058
1966.53490053
1975.34031927
1706.53003052
1348.9427188
1042.2550453
874.66543556
777.621395918
670.905367295
584.390448151
587.286208279
796.05744525
1259.90926041
1711.75274245
1871.95414361
1726.99438301
1358.96515347
966.286575891
723.714019483
595.015418766
512.931210007
497.07927119
570.731962898
684.902134404
797.995325733
970.247351228
1235.56233972
1420.68740366
1370.81067634
1212.04139064
1086.95578552
923.077024465
655.99888675
468.650690314
513.159048765
571.104219734
495.654286628
796.874991925
1879.81837328
3072.58398995
3619.91556497
3510.08595475
2942.83126022
2220.21142706
1618.92027655
1211.86328767
997.325998259
878.902523928
769.266716986
712.102798853
764.752922156
908.180595265
1091.78064252
1215.05179639
1193.57816199
1057.1814268
868.133932713
704.273056902
620.899487737
567.602123068
500.968881218
511.295552922
697.710916178
1060.96782563
1541.19709308
1934.41728228
2070.39352677
2057.98948722
2026.55336818
1908.27302248
1639.37440539
1369.39623357
1242.46994428
1167.78509578
1040.12974376
931.62781266
935.400368271
1051.22117289
1239.15912972
1393.81100895
1415.0283184
1289.15364923
1048.08341164
819.438208525
708.354594506
634.308738349
509.353983662
401.512759278
441.070751083
851.397587956
1729.3892985
2572.96356721
2863.59764002
2615.98535272
2019.10469508
1425.85368307
1129.42976099
1020.30806018
918.264732153
763.002321938
588.799167576
688.310385638
1265.85622367
1914.04067455
2192.59687445
2141.49078725
1909.3052327
1598.85762632
1287.94555768
1000.05271676
753.77796417
602.494742583
580.785025748
613.2903297
662.035858524
948.522026198
1612.76116132
2209.33804108
2287.64611276
1961.74105546
1477.3911469
1042.55282749
805.692762116
715.130351039
677.256603473
630.896229165
555.428587941
560.017939433
734.998222021
965.597189285
1123.60515777
1232.16888064
1317.58511615
1267.3942062
1001.20594062
705.664317394
566.928150064
502.181306187
405.917158328
350.842045044
483.41693928
1066.90838555
2205.81176479
3252.73223201
3561.75941275
3244.81104048
2597.98695441
1896.28730857
1357.71674816
993.39756809
764.770937863
641.435875531
605.149069547
678.140041369
865.710188234
1064.97557747
1173.71336869
1200.53042049
1174.25133584
1093.74199608
961.266965441
822.644261176
724.484211753
673.012937426
666.152194693
708.990493245
815.10174229
1024.83469591
1338.54385913
1569.83189592
1543.84758914
1318.6760384
1007.73768611
712.85802927
507.986628745
367.164246401
267.733027369
300.149448869
553.926305969
1001.68733305
1559.08175366
2030.74980859
2230.01303567
2115.92714346
1728.80290061
1288.23714532
1005.24906641
877.261185693
840.017242522
796.142513357
687.526932717
646.237530207
815.79989097
1195.3967272
1708.11257874
2116.98216891
2194.6759173
1912.45684508
1349.5301438
818.277084721
592.905299234
561.75177936
550.893418417
523.237354262
504.813610622
637.313510154
1015.23595633
1428.64887698
1649.30833194
1680.15388476
1582.80805072
1422.44164812
1262.98715637
1159.8753962
1137.14591893
1101.77485707
994.157727956
1005.43100721
1311.92030351
1779.96679948
2195.63154447
2333.83948067
2057.73732864
1594.49502959
1203.46504164
908.706669858
693.365252753
612.22341568
683.076334516
704.132100377
537.812426821
522.980601936
951.458605968
1450.4616133
1599.29395056
1450.22335929
1166.58419581
883.013860697
699.835539177
608.812510771
555.49349371
409.128866754
150.319336429
281.365259788
1205.43864245
2407.49843378
3262.74246005
3625.53711141
3503.76935308
3040.23988684
2407.57088153
1762.75663775
1238.93888554
889.476941
728.236574913
690.891790877
716.671117621
837.212951635
1075.55456922
1327.91889815
1471.10397393
1431.02261144
1186.84711808
881.672991824
665.21680467
549.756234213
501.731974603
441.675680641
339.782205497
410.808235171
830.660359788
1375.28295316
1769.40469773
1932.85372674
1865.30563641
1690.72642398
1530.62297109
1372.37529579
1190.00766294
1038.24818828
971.149254517
959.356461539
971.49680321
1051.52963222
1229.42304449
1403.84775017
1460.8146737
1366.99298257
1135.56795367
885.131058345
737.299004383
720.383250944
798.510424648
772.373070594
532.004207106
488.232826931
999.228943808
1691.73068103
2108.92657015
2191.23866621
1995.6740595
1648.34645785
1284.2659804
1004.92177393
871.703258816
819.12192228
773.971168875
759.050005736
824.559640797
1034.30448262
1405.07654907
1752.01509458
1883.25629738
1780.5767943
1487.79786884
1123.27893259
805.264892904
577.004512174
444.60715392
340.620731163
254.441815743
476.423065294
1197.78821855
1912.28925287
2103.0253065
1907.95592267
1586.65228831
1230.27176021
889.341393403
620.280866009
464.086501504
394.168581713
364.644732541
320.047997855
255.095988297
374.829163622
834.978649544
1383.71538648
1715.16006873
1714.79259144
1381.49111137
976.367630925
755.07246284
689.175315557
680.207242596
633.625282083
544.274847715
760.628870862
1545.76449671
2467.54820801
3019.40361287
3092.19348304
2726.50966419
2164.42113392
1650.55663353
1238.30682699
927.157182991
692.210466186
521.238818528
477.074595175
610.921431333
852.407869218
1097.74379062
1231.03952863
1180.35802871
1061.67223459
995.780847936
934.875603908
823.558718309
744.681296033
773.468004812
816.388874656
794.036811397
852.250861878
1117.91964294
1416.8839104
1550.64587537
1524.4014311
1392.59629579
1202.98180529
994.649406867
778.745375978
579.612945644
502.328350999
635.762245574
923.229954374
1282.71966928
1676.46637818
2051.54744677
2250.1629558
2150.80245848
1881.99068271
1600.09003348
1322.77844938
1049.31356925
843.95629928
750.225363012
663.667486078
539.758514156
721.66277103
1459.63929078
2244.63747056
2522.23547739
2315.83619466
1816.19815168
1305.67774502
1012.90623654
860.01648188
727.647140208
636.958491057
650.232749502
853.718252447
1287.79985175
1785.44233727
2152.4466201
2293.37815828
2168.65904875
1863.37339696
1489.91831671
1145.28094668
907.189010268
791.742544955
788.942593707
846.021907405
934.745446222
1167.77529962
1621.79744556
2088.69628674
2324.99971602
2230.61116218
1806.55590005
1314.97105271
1009.65992715
849.978717462
738.598556981
645.897448802
582.991297487
656.24074372
947.140413693
1342.47613953
1690.9084279
1883.3052778
1853.86188315
1667.87472527
1409.40692386
1106.48686494
798.072283324
622.873042842
675.235095256
772.296615056
795.124821507
1157.71089023
2176.47440253
3244.6246062
3702.10479634
3599.00479097
3162.49284252
2617.90441815
2141.83273755
1717.73481593
1311.00428256
1007.9174275
898.004489979
962.928845097
1140.17477504
1298.37705448
1329.36933677
1286.63029755
1243.35197283
1189.93481783
1109.57883702
1039.47381261
1007.94263382
953.850840219
845.268220333
856.538908262
1139.22114789
1547.45527666
1900.5226342
2175.6864752
2368.27664329
2387.90742258
2176.73275649
1892.78078497
1698.93544904
1561.62969734
1421.00897526
1308.51970752
1265.99689836
1285.52889075
1355.09988414
1496.02416514
1708.76800551
1877.07553032
1882.96601802
1718.28150715
1425.81398773
1142.33249556
981.512838741
870.680868886
749.32729397
791.952203952
1151.97508059
1663.48359089
2112.52750214
2412.33679764
2517.60649716
2421.71155041
2147.68740413
1798.5315631
1478.47357523
1216.70910278
1026.97306494
936.191294256
953.037361642
999.984878035
1000.45051278
967.823128775
932.428272678
902.366032538
875.86057501
833.857839758
762.107792521
682.854730326
620.004867416
567.617755611
532.429011576
601.725173784
867.231641382
1357.87833441
2023.77251805
2562.5263171
2691.15104059
2456.74987483
2001.50892002
1517.85405436
1171.82173144
973.650928051
888.207551752
854.662709776
840.995338451
956.110490788
1281.91561411
1651.40161634
1861.53670786
1814.11484841
1490.54038603
1085.83347272
806.314360824
689.887900234
703.725953363
700.483835198
587.253277587
603.388227256
1094.59837855
2499.7542014
